1600 100
11 48
8 81
24 96
18 47
6 77
13 94
7 69
8 24
29 56
29 69
19 93
10 54
20 64
9 44
12 71
18 79
5 46
22 79
25 27
29 31
19 29
23 86
24 36
11 61
5 90
6 87
25 49
10 79
20 72
20 92
13 56
20 36
9 36
16 84
11 27
5 79
6 40
22 75
26 75
24 44
24 61
13 42
13 65
16 42
28 85
26 71
22 76
13 26
25 43
30 81
15 57
20 90
6 74
19 74
21 36
5 29
19 40
28 29
14 85
6 81
13 60
15 74
20 68
22 30
30 45
6 98
29 99
12 87
6 69
14 91
15 70
20 96
25 49
9 69
30 96
27 65
7 41
26 78
18 74
22 92
15 72
15 49
11 97
18 62
12 29
16 87
12 96
10 48
14 92
29 30
25 30
30 75
17 31
26 60
29 68
7 59
27 56
6 53
6 29
26 59
10 49
14 56
28 55
5 73
15 44
21 42
30 98
26 70
14 73
14 84
16 84
12 32
7 87
30 65
19 22
13 21
7 36
22 22
19 91
10 78
10 25
10 77
11 44
12 44
24 49
22 75
22 21
30 60
26 35
11 24
20 71
7 47
14 92
11 78
26 26
7 84
29 37
10 53
12 32
13 22
13 25
25 56
26 49
13 36
16 69
6 46
15 93
21 57
9 99
16 96
27 78
24 41
25 63
18 40
10 37
10 66
16 37
28 63
6 21
10 34
26 36
30 65
27 50
11 24
20 37
20 69
22 41
18 41
9 100
19 33
14 60
13 51
25 75
19 23
13 26
7 91
28 92
27 64
17 57
19 76
29 47
10 45
19 52
11 37
30 29
24 37
18 20
7 40
13 61
16 32
5 89
21 81
26 42
6 66
18 68
30 52
28 87
14 70
13 27
25 29
25 25
14 59
6 86
9 86
18 22
13 22
24 67
22 26
7 60
29 72
20 28
17 25
9 49
9 99
12 53
30 35
26 85
26 79
14 82
9 63
10 22
30 21
24 99
5 57
21 29
29 37
9 82
25 30
13 67
5 63
27 71
12 31
5 71
15 37
16 76
21 54
20 81
28 58
6 24
14 95
9 74
19 70
10 38
8 78
21 20
9 79
13 72
9 100
23 67
29 50
7 26
8 64
30 71
28 66
5 89
11 69
16 51
19 91
27 28
7 98
18 57
17 49
26 79
19 57
11 27
29 53
28 64
9 24
9 90
16 73
8 87
12 92
28 87
23 33
16 31
15 39
17 37
28 83
22 56
28 91
29 32
24 55
29 89
12 95
9 26
25 68
9 39
11 79
17 26
13 54
12 30
7 30
28 53
6 80
27 75
18 39
18 49
14 75
18 23
17 53
10 25
24 63
27 99
24 42
22 25
29 74
12 64
17 48
23 46
24 82
28 34
23 23
26 29
30 54
17 28
5 67
28 40
9 54
9 59
14 53
11 45
21 94
19 36
14 40
7 91
21 70
20 62
20 36
19 65
7 68
25 56
30 84
12 37
11 45
15 58
15 23
19 50
20 29
14 87
15 91
9 85
15 66
26 76
13 38
21 68
18 92
21 91
13 70
7 85
23 60
19 65
5 41
27 55
27 20
14 89
9 79
8 91
11 52
10 47
23 93
18 30
5 88
22 59
18 23
16 37
15 60
7 84
6 90
16 36
30 76
8 42
6 68
30 29
11 89
15 42
17 60
17 26
26 26
15 52
30 89
14 42
7 30
17 55
7 75
22 100
10 38
15 32
28 29
23 26
20 59
28 83
21 58
5 66
13 59
8 69
25 24
15 25
17 64
12 20
27 23
23 34
11 25
8 36
15 81
5 73
10 75
16 82
20 58
5 53
27 59
29 54
5 35
19 74
19 92
30 80
19 85
20 56
14 98
21 75
15 47
7 50
16 98
28 92
30 80
26 25
12 44
16 95
6 70
12 54
21 77
8 96
22 28
23 52
7 32
23 23
18 24
23 54
14 52
30 33
21 38
12 96
19 84
10 69
5 79
16 63
30 77
22 33
11 75
26 68
6 91
19 97
29 23
7 70
30 37
7 38
19 23
23 63
13 24
5 89
28 50
8 82
23 98
25 74
22 34
12 51
12 52
29 53
9 69
21 90
14 90
12 55
14 80
24 98
23 29
28 77
23 92
5 64
12 43
26 31
18 89
24 59
27 68
5 67
9 33
27 75
12 82
12 24
17 98
7 50
6 64
14 35
15 63
25 93
10 46
10 36
7 43
30 34
15 75
7 94
24 88
28 80
25 28
10 41
15 96
30 86
23 69
28 100
22 47
24 43
5 66
22 96
7 89
7 68
23 79
28 51
30 88
16 36
17 49
7 45
15 40
25 83
8 35
17 47
19 63
26 39
13 95
8 22
21 26
26 54
28 76
21 28
14 63
9 83
14 68
7 21
20 78
30 66
24 47
11 77
23 97
28 81
26 25
20 46
13 56
30 52
22 21
19 23
10 26
14 29
28 49
15 78
12 56
13 35
9 68
21 28
23 20
18 76
30 83
6 29
12 24
6 29
12 37
28 32
29 30
17 78
25 68
19 66
8 66
29 77
26 71
6 58
15 96
5 56
10 58
16 76
16 70
23 96
5 86
11 86
10 29
18 74
28 21
29 95
5 44
20 84
10 28
30 28
27 42
18 95
7 36
20 63
25 35
20 72
19 62
20 29
21 21
16 24
15 72
12 99
13 58
19 96
15 92
25 42
14 78
7 70
27 94
10 40
8 35
23 96
17 68
26 44
15 64
14 93
12 37
5 93
25 22
18 50
26 64
15 48
24 53
17 51
13 35
18 62
29 29
5 84
5 26
13 60
13 87
6 82
10 37
12 75
10 98
24 99
21 75
16 32
16 61
10 32
7 71
12 62
8 31
8 95
27 52
12 45
30 83
8 78
16 23
29 51
20 40
11 30
8 38
6 32
29 70
24 97
13 76
25 54
19 56
23 86
20 52
21 100
23 84
19 50
24 69
22 87
10 54
26 77
27 35
11 59
23 37
30 75
6 82
25 36
19 84
26 30
10 54
24 67
7 23
14 34
6 66
9 21
6 58
11 76
7 96
22 83
22 34
21 60
6 40
25 91
22 100
6 35
11 29
30 39
10 54
20 37
20 51
22 63
10 30
10 65
10 100
8 34
27 90
11 28
22 85
25 22
6 92
30 32
30 76
10 66
12 52
20 30
9 64
8 67
15 72
11 39
22 71
19 38
19 96
25 49
6 90
9 49
6 37
18 69
15 49
17 59
12 21
6 79
7 77
11 92
15 47
26 98
10 95
7 77
29 24
6 40
16 61
17 80
5 28
20 79
29 76
23 82
30 49
29 93
9 72
5 84
6 55
19 53
29 100
29 33
12 74
18 52
7 100
16 50
13 39
18 57
24 44
15 100
12 45
16 91
25 49
28 29
26 21
22 51
11 62
8 77
22 62
18 88
20 64
10 27
24 71
9 37
20 21
5 78
20 91
8 81
12 31
28 33
24 100
21 82
24 99
29 91
7 73
21 60
27 39
17 87
15 80
29 66
18 80
20 62
16 77
7 23
21 95
26 53
27 28
5 85
25 53
28 53
28 37
26 74
10 31
21 22
5 81
21 74
13 84
27 89
22 23
11 91
11 31
12 25
25 73
13 28
22 47
8 92
27 27
26 87
30 76
23 26
20 97
9 64
13 68
5 78
24 50
12 60
14 72
30 43
12 32
21 56
15 100
11 60
28 38
7 72
8 98
30 39
15 82
20 91
26 99
22 39
24 28
16 70
20 49
24 38
11 48
25 91
11 99
7 50
24 71
16 46
22 81
16 62
29 87
13 20
7 71
16 61
9 53
24 58
16 73
9 75
10 61
12 81
28 69
6 73
16 72
11 59
21 77
30 49
13 26
29 38
13 40
7 82
27 46
11 61
22 50
25 46
19 95
13 63
24 63
6 62
8 91
26 42
18 64
18 25
16 65
9 40
23 37
25 21
23 36
17 73
21 97
10 20
30 23
26 81
17 28
13 50
22 47
26 50
13 41
21 20
10 20
16 64
28 62
23 81
14 90
20 85
5 51
24 33
5 21
11 66
15 87
14 87
22 73
26 95
28 87
15 43
29 95
14 70
19 78
16 45
11 79
7 83
17 84
12 61
19 42
24 21
6 46
23 81
26 33
12 45
25 64
13 47
25 64
28 22
17 67
30 23
25 68
30 36
5 33
30 85
11 80
6 62
18 44
10 33
23 65
23 68
12 92
7 31
28 63
6 36
12 36
13 86
28 38
18 45
24 95
20 58
5 54
30 63
8 92
15 67
29 91
12 91
17 44
6 58
26 65
21 43
12 57
12 91
6 44
15 35
12 47
23 29
16 60
21 95
23 94
24 55
29 72
6 86
11 85
24 36
5 72
7 39
29 96
9 28
20 76
29 44
28 35
7 70
7 29
5 49
10 83
22 59
15 27
7 94
6 61
18 27
28 79
25 92
8 21
17 65
25 69
23 69
13 96
24 88
18 22
25 33
28 45
8 39
21 46
14 94
20 68
19 56
24 33
5 80
30 96
27 63
18 92
30 54
20 45
16 70
12 23
26 21
18 36
13 81
6 91
6 68
16 42
13 21
7 78
27 98
22 84
20 99
24 33
5 76
11 83
14 98
13 66
7 93
10 26
15 75
23 21
18 45
14 77
28 78
15 64
17 72
27 51
30 54
8 81
19 89
28 79
24 79
17 84
22 96
12 60
29 94
29 64
19 94
22 94
29 48
15 63
7 22
27 83
24 40
9 20
10 89
5 20
25 72
15 98
5 25
5 68
27 40
24 81
13 85
10 26
9 76
26 94
6 73
20 29
14 77
18 59
22 69
10 62
9 60
12 66
9 98
13 51
16 75
22 40
22 27
30 53
13 52
11 95
22 33
11 78
5 48
15 79
25 55
14 98
20 77
12 61
28 96
24 60
6 68
29 85
6 33
13 63
17 51
25 79
14 44
5 20
28 30
21 32
23 51
14 97
22 44
12 20
21 55
20 26
27 53
9 88
10 48
9 27
6 42
30 51
9 88
26 95
29 39
22 85
19 51
11 74
29 46
28 21
9 87
7 36
22 52
9 54
15 100
22 65
21 20
25 81
30 60
30 90
28 60
30 48
24 48
29 90
15 67
9 75
24 95
29 48
10 36
30 96
17 29
18 59
12 52
13 100
27 94
27 67
8 39
20 54
29 35
16 99
22 75
8 26
6 63
11 92
19 75
12 30
29 41
16 91
30 36
20 27
20 95
9 88
16 63
23 21
7 38
24 76
28 40
12 27
28 67
5 43
20 93
18 89
27 78
7 54
12 32
13 29
23 80
20 99
16 67
30 96
23 59
14 67
17 94
25 98
26 66
10 99
12 94
14 60
28 98
26 89
27 84
10 70
23 77
11 36
14 45
30 71
24 89
30 71
14 20
18 73
17 87
15 46
26 70
19 60
26 96
22 99
8 20
10 99
13 78
28 20
17 40
24 88
25 37
28 23
13 61
15 28
29 81
8 25
20 85
22 37
26 64
13 35
24 70
14 37
26 91
29 59
7 54
14 38
11 91
15 93
24 53
26 73
26 22
21 53
30 93
10 23
9 21
17 65
26 96
5 34
10 75
24 37
30 68
11 42
7 69
21 43
26 21
15 41
18 33
20 21
18 69
8 41
5 93
26 65
14 47
5 24
11 26
6 38
16 50
27 85
17 72
14 89
10 44
10 79
6 87
13 92
11 24
6 20
15 36
21 23
5 84
16 85
21 46
27 74
7 58
16 62
25 76
23 96
21 45
6 91
15 86
27 79
11 94
29 90
11 93
6 66
9 61
26 98
26 63
15 47
29 81
24 55
14 62
24 35
7 32
5 23
7 98
25 82
10 42
22 41
29 76
17 34
21 66
19 53
24 35
30 83
25 79
10 78
20 61
12 38
23 90
20 72
29 55
7 67
11 76
13 96
20 25
14 31
25 73
7 58
9 52
15 20
11 98
28 20
11 62
6 96
14 53
8 41
8 25
20 63
17 42
27 37
9 29
12 23
30 100
11 46
8 45
20 32
22 91
15 92
10 59
19 32
15 58
26 85
5 45
21 41
28 57
28 93
30 60
30 46
16 94
29 57
14 29
11 52
18 71
26 84
22 70
12 60
21 80
18 87
25 65
12 31
26 50
28 29
10 86
28 100
22 32
16 96
22 23
12 21
13 21
17 67
22 90
10 58
9 73
7 51
14 35
30 84
17 37
29 21
27 79
11 95
20 70
28 52
30 44
22 50
24 55
16 87
30 27
19 41
25 55
17 80
13 51
8 93
9 83
6 90
21 36
7 64
14 61
9 54
9 72
25 20
6 61
30 49
13 77
15 30
27 58
8 95
17 95
25 81
22 44
5 66
25 53
11 48
7 73
8 30
19 26
5 38
13 36
16 55
10 24
6 92
25 67
19 60
10 55
22 88
10 29
16 32
21 24
10 52
8 80
28 70
30 29
10 34
15 99
30 62
7 88
30 89
26 85
19 98
8 53
10 24
27 26
21 36
18 51
30 69
11 56
22 99
13 28
18 62
26 34
10 80
27 77
5 73
27 71
18 64
10 49
29 94
14 56
23 98
17 32
7 90
5 60
14 64
9 76
11 69
10 77
6 65
28 39
18 75
10 67
30 92
9 71
18 80
16 79
15 47
14 93
6 97
20 91
9 40
27 20
18 97
6 38
13 61
18 58
17 42
28 53
14 21
21 26
29 41
12 50
15 45
5 52
14 41
5 87
25 70
19 53
20 52
12 60
12 68
5 74
16 41
11 21
17 79
29 73
29 49
11 32
20 51
21 52
13 57
30 35
7 47
11 59
6 93
5 63
23 75
7 33
13 31
21 73
10 44
15 35
29 29
22 91
17 46
30 100
11 40
18 29
7 74
19 97
14 20
25 86
20 79
29 72
16 88
19 39
13 100
27 41
14 66
22 51
24 51
14 88
7 99
30 27
11 71
15 99
20 99
28 22
25 76
22 28
11 74
28 48
14 78
14 51
27 41
13 33
26 26
13 96
29 62
25 93
14 31
29 87
15 92
13 93
27 21
16 73
16 76
14 86
5 99
10 22
15 57
29 89
12 66
28 36
18 34
15 26
11 48
19 87
10 87
5 67
26 51
26 43
30 23
23 32
20 32
16 94
20 71
29 60
6 43
22 54
11 70
21 63
20 77
65 233
56 302
71 209
61 222
62 236
62 247
52 303
50 281
71 289
73 402
74 345
60 303
64 405
55 269
57 350
64 373
65 348
62 225
65 277
60 192
74 316
73 192
50 312
65 351
61 255
59 279
50 271
59 282
51 243
58 265
52 247
55 278
73 171
56 274
52 317
65 285
52 365
51 310
61 225
60 269
67 241
56 313
72 257
70 196
53 265
63 303
55 492
52 283
54 214
62 217
63 304
54 289
63 170
65 248
61 290
63 403
68 318
67 323
50 274
69 282
55 398
65 229
74 278
57 354
56 263
58 276
56 367
61 269
70 437
58 386
54 241
58 167
53 291
71 206
59 380
58 171
54 322
75 225
66 370
54 288
68 251
66 280
61 363
61 315
68 183
68 253
73 349
68 310
55 173
58 208
54 148
67 288
61 284
67 183
75 131
59 321
55 234
67 294
65 276
57 291